1.9686 4.2765
4.6254 --
0.7597 3.9152
3.4976 0.8771
3.4976 0.8771
4.5282 0.4913
1.5297 2.2499
4.2539 1.0392
3.7600 1.0392
1.3456 1.0392
-- 3.6924
2.9130 --
4.6179 4.4736
0.5407 0.0111
-- 4.5998
0.3779 4.8576
2.5587 3.1263
0.5853 7.1263
-- 2.6203
4.0412 3.5339
4.0412 2.3532
2.5450 2.3532
-- 1.4820
1.4845 3.8225
1.7705 1.0017
3.4200 0.6711
-- 2.3338
3.9972 3.7218
2.3696 3.8312
2.9916 3.8638
1.9428 1.4594
1.6920 3.0153
0.0253 0.8952
0.1473 2.0126
1.2807 0.6104
5.2807 4.6104
2.2538 4.8724
-- --
-- --
2.5841 --
1.9243 1.1856
1.9243 1.1856
2.3511 4.8016
-- 1.1859
-- 0.0540
1.1869 1.3091
1.1869 4.1889
2.9927 1.4552
1.6141 1.4552
4.4687 0.5025
-- 0.9725
4.3449 4.7820
1.1090 0.4072
2.7942 1.6771
0.1258 0.5319
4.7405 3.1333
3.9239 3.1592
0.4743 0.8633
-- 4.7522
0.3540 2.4557
2.0750 1.4828
0.1664 4.8676
2.1664 2.5515
3.0024 0.4717
0.6392 3.2225
-- 0.1492
-- 0.1492
0.7009 2.2811
0.9482 --
-- --
-- --
0.2640 0.3665
2.1274 --
6.1274 4.0599
0.7589 0.5812
0.2047 2.4575
1.9353 5.4575
-- 4.2320
2.9290 0.7183
2.4263 1.5868
4.3407 --
-- 0.9069
4.6252 3.9069
2.1286 3.2936
2.1286 3.5519
0.9778 --
4.8730 3.3001
0.2281 0.6134
0.0080 3.1938
2.0080 1.4409
4.6064 0.4384
3.7877 --
2.0098 3.9290
4.9670 1.7955
4.3863 4.0881
1.8314 4.0881
1.8314 1.5137
0.1979 2.2080
4.2707 2.8248
3.4256 4.8248
10.2707 2.2886
0.4710 4.1873
4.2722 1.0558
0.5687 0.5439
2.1459 1.2239
4.1420 4.8623
0.5601 4.8623
0.3895 2.7353
7.1579 5.7353
-- --
-- 2.6606
0.1373 0.8376
-- 1.5762
-- --
2.1286 5.7681
4.1253 9.7681
2.4118 --
3.0177 5.1471
3.0177 5.1471
3.4509 2.4059
7.4509 2.9424
0.9947 0.6750
2.8855 2.5233
6.8855 6.5233
3.5911 4.0478
3.5911 4.0478
1.8989 3.9271
0.4507 0.8305
4.9572 4.2764
7.9572 7.2764
-- 1.6430
0.7222 0.5966
4.6882 2.3114
0.4252 1.7493
0.4252 2.1176
3.2246 3.1179
-- --
-- --
5.2969 0.5725
3.7954 0.0649
3.7954 4.5648
0.0416 0.6605
5.3496 4.1755
3.4712 3.1530
3.5167 3.1530
3.1302 0.9641
0.2427 4.0931
3.7495 4.5287
0.7196 0.6760
-- --
4.2194 2.8586
0.8116 2.3191
-- --
4.3690 4.1065
1.5311 0.1046
1.7666 0.7779
-- --
2.6452 3.2706
-- --
3.5925 0.3482
3.3516 4.1316
-- --
-- 1.9739
-- --
3.2711 1.8419
1.6457 0.4858
-- --
3.4823 0.2187
0.5374 0.4089
0.6553 3.3919
4.8271 0.8613
4.1771 4.7175
4.1771 0.8707
4.1771 0.3008
4.2726 4.3450
-- --
-- 1.5159
-- --
3.5196 --
0.6831 0.7785
0.6804 --
2.7686 --
-- --
-- --
2.1271 4.9970
0.6053 0.3338
0.7931 3.4845
3.7570 4.3712
7.7570 8.3712
9.7570 0.7119
1.7239 0.5978
3.3287 4.5566
0.2981 2.1087
0.3915 1.4396
4.5240 3.6991
0.8816 0.0750
3.0893 --
1.3336 4.9865
1.3127 2.1169
2.0776 1.5277
4.0753 0.5949
