0 0
0.5 0.5
1 1
1.5 1.5
2 2
2.5 2.5
3 3
3.5 3.5
4 4
4.5 4.5
5 5
4.5 4.5
4 4
3.5 3.5
3 --
2.75 2.75
-- 2.5
2.75 2.75
-- --
2.5 2.5
-1 2.75
2.5 2.5
2.75 6
2.5 2.75
2.75 2.5
4 2.25
4.75 2
5 2
2 2
2.25 2
2.5 2
2.75 2
-- 2
-- 2
2.75 2
2.75 2
2.75 2
2.75 2
2.5 2
-1 2
-1 2
6 2
6 2
0 0
0.5 0.5
1 1
1.5 1.5
2 2
2.5 2.5
3 3
3.5 3.5
4 4
4.5 4.5
5 5
4.5 4.5
4 4
3.5 3.5
3 --
2.75 2.75
-- 2.5
2.75 2.75
-- --
2.5 2.5
-1 2.75
2.5 2.5
2.75 6
2.5 2.75
2.75 2.5
4 2.25
4.75 2
5 2
2 2
2.25 2
2.5 2
2.75 2
-- 2
-- 2
2.75 2
2.75 2
2.75 2
2.75 2
2.5 2
-1 2
-1 2
6 2
6 2